1488,35
24,3
24,2
14,139
14,138
14,137
14,136
14,135
14,134
14,133
14,132
14,131
14,130
14,129
14,128
14,117
14,111
14,100
14,99
14,98
14,97
14,96
14,95
14,92
14,91
14,89
14,88
14,80
14,74
14,73
14,71
14,70
14,69
14,67
14,66
14,36
14,34
14,14
14,9
14,8
14,2
14,0
13,10
13,9
13,8
18,1
18,3
14,1
13,6
13,2
13,0
0,639
0,637
0,635
0,634
0,633
0,632
0,627
0,625
0,624
0,623
0,614
0,611
0,610
0,596
0,595
0,592
0,584
0,575
0,571
0,567
0,563
14,123
14,3
13,1
0,562
0,558
0,555
0,552
0,538
0,536
0,528
0,513
0,497
0,493
0,492
0,472
0,465
0,462
0,460
0,459
0,457
13,5
13,3
0,456
0,452
0,451
0,450
0,449
0,448
0,440
0,439
0,438
2,2
2,1
2,3
0,437
0,435
0,434
0,423
0,421
0,419
0,548
0,411
0,405
0,403
0,400
0,399
0,396
0,394
0,392
0,391
0,390
0,389
0,388
0,387
0,386
0,383
0,382
0,381
0,369
0,368
0,365
0,362
0,349
0,348
0,345
0,343
0,339
0,338
0,337
0,336
0,335
0,334
0,333
0,330
0,328
0,324
0,278
0,273
0,270
0,243
0,9
0,0
1488,34
1488,33
1488,32
1488,31
1488,30
1488,29
1488,28
1488,27
1488,26
1488,25
1488,24
1488,23
1488,22
1488,21
1488,20
1488,19
1488,18
1488,17
1488,16
1488,15
1488,14
1488,13
1488,12
1488,11
1488,10
1488,9
1488,8
1488,7
1488,6
1488,5
1488,4
1488,3
1488,2
1488,0
0,433
0,431
0,425
0,422
0,515
0,572
0,569
0,545
0,541
0,533
0,517
0,560
0,551
0,496
0,494
0,483
0,490
0,351
0,350
0,364
0,276
0,566
0,359
0,357
0,275
0,445
0,272
0,485
0,271
0,320
0,12
0,511
0,10
0,467
0,8
0,527
0,535
0,268
0,579
0,458
0,267
0,510
0,417
0,266
0,522
0,498
0,265
0,561
0,466
0,264
0,529
0,321
0,263
0,520
0,355
0,262
0,454
0,443
0,261
0,484
0,416
0,260
0,509
0,442
0,259
0,508
